0.000000000000000000e+00
2.040816326530612290e-01
4.081632653061224580e-01
6.122448979591836871e-01
8.163265306122449161e-01
1.020408163265306145e+00
1.224489795918367374e+00
1.428571428571428603e+00
1.632653061224489832e+00
1.836734693877551061e+00
2.040816326530612290e+00
2.244897959183673741e+00
2.448979591836734748e+00
2.653061224489795755e+00
2.857142857142857206e+00
3.061224489795918657e+00
3.265306122448979664e+00
3.469387755102040671e+00
3.673469387755102122e+00
3.877551020408163573e+00
4.081632653061224580e+00
4.285714285714285587e+00
4.489795918367347483e+00
4.693877551020408490e+00
4.897959183673469497e+00
5.102040816326530503e+00
5.306122448979591510e+00
5.510204081632653406e+00
5.714285714285714413e+00
5.918367346938775420e+00
6.122448979591837315e+00
6.326530612244898322e+00
6.530612244897959329e+00
6.734693877551020336e+00
6.938775510204081343e+00
7.142857142857143238e+00
7.346938775510204245e+00
7.551020408163265252e+00
7.755102040816327147e+00
7.959183673469388154e+00
8.163265306122449161e+00
8.367346938775510168e+00
8.571428571428571175e+00
8.775510204081632182e+00
8.979591836734694965e+00
9.183673469387755972e+00
9.387755102040816979e+00
9.591836734693877986e+00
9.795918367346938993e+00
1.000000000000000000e+01
a+b*sin(c*x+d)4.813493772925099279e+00
5.004283350002849851e+00
5.165996231807016059e+00
5.320628096358511527e+00
5.233275819080055236e+00
5.216012422144324034e+00
5.070906358781660295e+00
5.042522097425560013e+00
5.009632235380659715e+00
4.844142287872805319e+00
4.880797097579730348e+00
4.825761066491478068e+00
4.881249255682343247e+00
4.720417824308944965e+00
4.719192524300224179e+00
5.023098173252592780e+00
5.051495446885241769e+00
5.038899635776156849e+00
5.162504365529978934e+00
5.302111612339919233e+00
5.314625311294204124e+00
5.326993295503831938e+00
5.243997255071288777e+00
4.923259781307312011e+00
4.995207535730575188e+00
4.929232171797201190e+00
4.846313131606409641e+00
4.864458160202318915e+00
4.947421922043521825e+00
4.864704905451152861e+00
4.937093198560431162e+00
5.011664389469277836e+00
5.085206895009243944e+00
5.056988275852713599e+00
5.166622265234519951e+00
5.233223594923630095e+00
5.241757897993108983e+00
5.105912172650994840e+00
4.959448074713578514e+00
5.005544936091446573e+00
4.785768538012304951e+00
4.901895704854916325e+00
4.908077609157109222e+00
4.754883172374219313e+00
4.790498903717202772e+00
4.837488845376658020e+00
5.014274209389614434e+00
5.246035773082216025e+00
5.020559899538667992e+00
5.210087142511089731e+00
0.7729000865495.045855837586834092e+00
5.044539751178003684e+00
5.043200069639222072e+00
5.041839561318248286e+00
5.040460994562836028e+00
5.039067137720742551e+00
5.037660759139725108e+00
5.036244627167540067e+00
5.034821510151943791e+00
5.033394176440690870e+00
5.031965394381539447e+00
5.030537932322246775e+00
5.029114558610566554e+00
5.027698041594256040e+00
5.026291149621073373e+00
5.024896651038774031e+00
5.023517314195113492e+00
5.022155907437849010e+00
5.020815199114736949e+00
5.019497957573533675e+00
5.018206951161993778e+00
5.016944948227877177e+00
5.015714717118937571e+00
5.014519026182932215e+00
5.013360643767617475e+00
5.012242338220749716e+00
5.011166877890086191e+00
5.010137031123381490e+00
5.009155566268393756e+00
5.008225251672877576e+00
5.007348855684591094e+00
5.006529146651289786e+00
5.005768892920730906e+00
5.005070862840669932e+00
5.004437824758862341e+00
5.003872547023067163e+00
5.003377797981038100e+00
5.002956345980532404e+00
5.002610959369309107e+00
5.002344406495120133e+00
5.002159455705725399e+00
5.002058875348880385e+00
5.002045433772339678e+00
5.002121899323862309e+00
5.002291040351201978e+00
5.002555625202116829e+00
5.002918422224364114e+00
5.003382199765698424e+00
5.003949726173877011e+00
5.004623769796656241e+00
